NAME	= LS Factor
DESCRIPTION	= 
UNIT	= 
DATAFORMAT	= FLOAT
DATAFILE_OFFSET	= 0
BYTEORDER_BIG	= FALSE
TOPTOBOTTOM	= FALSE
POSITION_XMIN	= 336531.2654000000
POSITION_YMIN	= 4814093.5059000002
CELLCOUNT_X	= 3377
CELLCOUNT_Y	= 3583
CELLSIZE	= 1.0000000000
Z_FACTOR	= 1.000000
Z_OFFSET	= 0.000000
NODATA_VALUE	= -99999.000000
